4.509670412584233645e+02
4.100731262481783688e+02
3.564449409573913385e+02
3.209316247325642166e+02
3.024769751785065637e+02
2.334457456947110927e+02
2.523377074177061843e+02
2.414245719384745996e+02
1.861831401170351228e+02
1.842630159345401069e+02
1.679070132164662539e+02
1.481031507519405181e+02
1.403844836346162310e+02
1.140257814620605217e+02
9.953557690793047641e+01
7.945919825381685087e+01
8.424545380095534597e+01
6.211253015869998961e+01
5.651033515183514311e+01
7.963322718822756485e+01
5.999666490322476164e+01
7.937818030820925230e+01
8.679344959762130429e+01
2.862317762451566949e+01
1.251657342183316359e+02
5.401238347724512323e+01
1.834040402461167218e+01
1.051862886069754666e+01
4.897180540738460763e+00
2.410630257221979278e+01
4.381509009640139141e+01
4.656469461219638362e+01
1.768195495936405592e+01
3.030865128360121474e+01
4.169420809566412345e+01
1.218488795698192284e+01
3.616249709814852054e+01
3.555854432124981201e+01
2.583200883134743009e+01
8.755053148883153114e+00
9.827377037337393872e+00
8.014896383672660107e+00
7.457598257106802464e+00
1.005537070097009256e+01
1.459876553413433342e+01
2.456906884164803984e+01
-9.780626677449763662e+00
2.782439487739412343e+01
9.027919084442093123e-02
-1.551333267508947955e+01
2.602694063670441871e+00
7.821648429504163502e+00
1.165361719605789581e+01
3.875063922622229029e+01
1.938094062107409954e+01
6.290567238294686447e+00
8.834883122455263305e+00
-2.786294187923735421e+01
-6.761027422790374608e+00
1.518331473876026294e+01
1.209811282528877818e+00
-3.072032944593883208e+00
-3.155122429989577881e+01
-5.752038178436957416e+00
4.146205593485002794e+01
-3.779372742050009837e+00
2.994248909541053649e+01
-2.320437327441238295e+01
1.309210369509349015e+01
-8.234787869309023733e+00
4.435053288689082329e+00
4.914384140174155924e+00
-1.375733560560257374e+01
4.455444812081255179e+01
-3.029605853429650608e+00
1.124919341533733963e+01
-5.327727569822950038e+00
-2.129883257530058316e+01
4.882428562492125756e+00
-1.556803101510196186e+00
-1.174803449116586229e+01
3.372817401237360002e+01
-6.994571145913585752e+00
7.144929204621430330e+00
-1.427110243613794438e+01
7.849673118569228336e+00
-5.348304142415821971e+00
5.391971551050764333e+01
4.101669259861185912e-01
2.654874621263979861e+01
-1.381880406797830974e+00
-1.106592845054205121e+01
5.199393404262796281e+00
-9.292203691096590390e+00
5.565155904339568593e+01
-1.665089186689190370e+01
1.475153090510470477e+01
1.059733276810591107e+01
3.186796724569157391e+01
-1.036959755616671863e+00
