-4.308510407483286286e+01
-3.757377053368860942e+01
-4.332623103818437471e+01
-3.458256786846864372e+01
-3.226650873977263956e+01
-3.578287444329912859e+01
-3.600901087467560302e+01
-3.590638916109902112e+01
-3.400119067480201096e+01
-3.383926677826747209e+01
-2.629464417030882828e+01
-2.931968773028322417e+01
-3.270178528112283090e+01
-2.519536604596229878e+01
-3.012097237773203418e+01
-2.889809573191356762e+01
-1.909042325334332091e+01
-2.288769852889262424e+01
-2.406407075304253951e+01
-2.154214765190971193e+01
-2.223665595207579671e+01
-2.186126810745589921e+01
-1.571419164851338479e+01
-1.830802995039904602e+01
-1.440162321780333698e+01
-1.747589384719800520e+01
-1.242847129346732160e+01
-1.227579981996702685e+01
-9.462621896620385442e+00
-1.513196938486760956e+01
-1.017290629469145813e+01
-1.208115981209956225e+01
-1.121351772870303876e+01
-3.409839536177582175e+00
-9.228099602703066395e+00
-8.519233254405309097e+00
-3.890266795735616512e+00
-2.804319493037107147e+00
9.469619112987608389e-01
-3.452868340010353698e+00
2.537156413815632838e+00
-7.282216137234879483e+00
2.035152121196105668e+00
5.956534457845046759e+00
3.862882446966107608e+00
2.607043702802512630e+00
3.175456841562581012e+00
7.139693531925077608e+00
6.199936243993322549e+00
1.115444123627545459e+01
8.823330490645517443e+00
9.482584672087817523e+00
1.058855317915100791e+01
1.214341027792245420e+01
1.654840208737296692e+01
1.537706715831305893e+01
1.268443963223409909e+01
1.971813572041416762e+01
1.810246375744458192e+01
2.019576943676798564e+01
1.610745787331770629e+01
1.630307245600918264e+01
1.952312721223372449e+01
2.488849238117242635e+01
2.151969194028515275e+01
2.234012730726267648e+01
2.389422073656165679e+01
2.848648582409593288e+01
2.197497577330016938e+01
2.770575994437873746e+01
2.877071084418501812e+01
2.907724049774249053e+01
2.394944472178561767e+01
2.624141864495096144e+01
2.843249691683418234e+01
3.664661338362859055e+01
2.992018188376450638e+01
3.092108494738901214e+01
3.825669131235225962e+01
3.933927135774942485e+01
3.939563327963249151e+01
3.691901137349643847e+01
3.957876789160424380e+01
4.240711165324572107e+01
4.396015505909058163e+01
4.301410679204253995e+01
4.429868733441322348e+01
4.274321373894246534e+01
4.763712473393677982e+01
4.032883565582960728e+01
4.961472709906250600e+01
4.832841827858097616e+01
4.650205112323243384e+01
5.935001251930589206e+01
5.067676710351742031e+01
5.351405940741610578e+01
5.369745649801378562e+01
5.761003146136446418e+01
6.186050227317274164e+01
5.484193929125422073e+01
