8.277203270317247075e+01
7.785559115509218486e+01
6.781508511543023587e+01
6.587663227410843092e+01
5.763168974297355618e+01
6.701661335060430247e+01
6.229834576236446964e+01
6.942500562980092127e+01
5.536833378732005428e+01
4.757562171919510519e+01
4.125889244676635315e+01
4.413031799862789484e+01
4.767672016498975296e+01
3.264057169096185618e+01
4.038163167135261489e+01
3.965454052984177480e+01
4.550624072267157771e+01
3.369407558382304302e+01
2.255746641329680102e+01
2.464707737838423895e+01
2.365484704935441229e+01
1.938081493902071628e+01
2.206338451499155084e+01
1.319061624212449146e+01
2.081935505564263522e+01
1.628649124754416988e+01
1.124046260729268454e+01
1.538409271320079341e+01
2.352204849296038347e+00
1.342866965376118493e+01
1.278178075795550939e+01
1.085513617308086509e+01
5.152133795952853923e+00
9.157824271813002071e-01
2.432502326853884966e+01
5.870501128981463701e+00
1.611560828218566144e+01
-1.728473059180726246e+00
1.156565025286402459e+01
-2.230609199904979967e+00
8.387562175134018361e+00
-6.795001557464455999e+00
-1.366952238023550414e+01
-6.884363029140708079e+00
-4.471446594510111616e+00
1.182755670872369969e+01
-3.565383263830853355e+00
5.825299297655295305e-03
-1.596697218648333472e+00
6.759546274654526954e+00
-1.098564798536252329e+00
5.866564174644855356e+00
2.660257806446354678e+00
6.815815502153493632e+00
8.168011920826970140e+00
7.798510424678420705e+00
8.830646254777148485e+00
4.722099326199738378e+00
1.169761583887106227e+01
1.194066391264352589e+01
9.927070447088507166e+00
1.627504595991918990e+01
1.507299190667762190e+01
2.150664115314223324e+01
2.171975092718400191e+01
1.979922329990820984e+01
3.177704862072449288e+01
3.218850192910004893e+01
2.927851755936741185e+01
2.514342714458778971e+01
3.568553268424028602e+01
3.318934853494489090e+01
3.338980695169524893e+01
4.293628161569687052e+01
3.672399892776307695e+01
5.109397378856263572e+01
3.548968448681147692e+01
5.476566458409586602e+01
3.951187264402759070e+01
5.723462475351221457e+01
5.595937659107011797e+01
5.399048608618258527e+01
5.055028531160751015e+01
6.494668019964319683e+01
7.310511932043010574e+01
7.930882012613594156e+01
6.701003569039789909e+01
6.761338644265606490e+01
9.252449927733046309e+01
7.955058965159480522e+01
7.601098050054150690e+01
9.976823676522879225e+01
1.094038212097429579e+02
9.564144448523600772e+01
1.024667179223915809e+02
1.122369040043625006e+02
1.117639100184155296e+02
1.294508431394323225e+02
1.229483137611040604e+02
1.346714961895154374e+02
